-109.73570 35.11810 0.00448
-111.37390 35.51690 0.00510
-110.52383 39.11083 0.02069
-114.14152 34.30336 0.00032
-114.61881 34.76759 0.00111
-115.38115 34.63745 0.00093
-115.65994 34.78457 0.00014
-115.92389 35.43584 0.00066
-116.80574 35.30177 0.00031
-116.27530 35.89953 0.00075
-117.28332 35.89095 0.00029
-116.86322 36.46703 0.00075
-116.24950 36.94880 0.00057
-117.48901 36.05799 0.00015
-118.08050 36.43905 0.00007
-117.36621 36.99608 0.00060
-112.81330 40.19500 0.00477
-115.58540 38.34890 0.00061
-118.23009 37.05422 0.00081
-118.83605 37.63019 0.00108
-118.15540 38.43280 0.00032
-120.38651 38.03455 0.00012
-122.30460 42.21800 0.00029
-118.63670 42.43390 0.00114
-121.75350 42.62460 0.00161
-122.10930 43.24050 0.00159
-121.23470 43.28480 0.00040
-121.35535 43.67274 0.00135
-122.41130 43.79410 0.00022
-121.14862 43.75097 0.00217
-121.23319 43.72201 0.00348
-121.25268 43.73896 0.00190
-120.94066 43.79211 0.00054
-121.81746 44.05966 0.00034
-121.96264 44.20975 0.00080
-115.82780 43.41510 0.00510
-121.33950 44.33860 0.00095
-121.31670 45.24220 0.00086
-121.65093 45.32226 0.00104
-122.21677 46.17835 0.00192
-122.18925 46.21422 0.00293
-117.30600 44.85250 0.00153
-121.81533 46.89972 0.00470
-116.00025 45.08757 0.00376
-119.53270 46.39250 0.00105
-120.66636 47.25451 0.00141
-118.27410 47.80060 0.00836
-119.62540 49.32240 0.00290
-113.94060 46.82920 0.00878
-114.28250 47.74667 0.00497
-113.91120 49.05950 0.00285
-109.75470 48.02400 0.00982
-106.22310 46.68850 0.03868
-99.60290 47.84810 0.01637
-98.95560 44.44290 0.01440
-98.15020 41.40830 0.01663
-102.03300 40.94510 0.01007
-105.45770 41.30160 0.01216
-99.73740 38.81400 0.01036
-102.62730 39.01120 0.01141
-105.94400 40.89470 0.02162
-105.61340 39.79970 0.00483
-105.14920 38.96410 0.00463
-104.41080 37.13880 0.00201
-105.50120 37.74560 0.00161
-106.97390 39.17760 0.01817
-106.82930 37.74610 0.00180
-108.24160 40.13480 0.02813
-106.96520 33.93700 0.00151
-106.92100 34.07390 0.00401
-108.49251 37.19956 0.01165
