-101.978 54.725 -0.344
-111.185 43.595 -0.315
-112.596 45.362 -0.238
-110.943 43.893 -0.294
-119.418 46.462 -0.387
-121.480 49.098 -0.252
-120.384 49.048 -0.335
-119.272 48.953 -0.132
-118.585 48.975 -0.165
-117.559 48.981 0.087
-120.120 48.461 -0.370
-119.333 48.358 -0.300
-118.149 48.423 -0.129
-120.894 47.923 -0.405
-120.061 47.690 -0.468
-119.045 47.785 -0.394
-118.274 47.801 -0.419
-119.973 47.194 -0.385
-118.921 47.057 -0.627
-118.309 47.062 -0.424
-117.276 47.055 -0.078
-116.335 47.048 -0.035
-109.802 47.196 -0.403
-120.979 46.543 -0.180
-119.855 46.558 -0.476
-119.060 46.491 -0.469
-118.146 46.514 -0.224
-117.110 46.485 -0.182
-116.209 46.356 -0.260
-114.188 46.442 -0.382
-113.493 46.416 -0.563
-112.641 46.425 -0.372
-111.676 46.534 -0.398
-110.858 46.462 -0.516
-109.914 46.566 -0.369
-120.782 45.766 -0.361
-119.928 45.895 -0.172
-118.777 45.797 -0.087
-117.909 45.709 -0.286
-117.228 45.973 -0.171
-116.155 45.888 -0.217
-115.255 45.757 -0.259
-114.332 45.789 -0.384
-113.370 45.812 -0.512
-112.493 45.841 -0.260
-111.626 45.784 -0.279
-110.659 45.905 -0.292
-109.716 45.905 -0.391
-119.669 45.266 -0.089
-118.960 45.290 -0.143
-117.780 45.278 -0.104
-117.120 45.292 -0.085
-116.268 45.400 -0.271
-114.233 45.093 -0.357
-113.460 45.243 -0.272
-112.489 45.166 -0.186
-111.805 45.229 -0.283
-110.740 45.321 -0.288
-109.563 45.317 -0.398
-119.565 44.591 -0.074
-116.747 44.589 -0.187
-116.013 44.703 -0.226
-114.855 44.549 -0.396
-114.255 44.564 -0.503
-113.367 44.617 -0.394
-112.644 44.617 -0.284
-111.248 44.704 -0.191
-118.569 43.910 -0.203
-117.741 43.973 -0.066
-115.958 43.912 -0.394
-115.133 43.794 -0.454
-114.117 43.915 -0.586
-113.452 43.929 -0.396
-112.485 44.000 -0.193
-111.487 43.876 -0.328
-109.817 43.701 -0.433
-115.828 43.415 -0.388
-115.098 43.250 -0.326
-114.174 43.398 -0.467
-113.518 43.323 -0.412
-112.433 43.400 -0.267
-111.612 43.274 -0.277
-110.712 43.363 -0.132
-116.032 42.771 -0.311
-114.903 42.636 -0.383
-117.306 44.853 0.091
-111.630 45.597 -0.322
-119.533 46.393 -0.417
-114.414 43.562 -0.464
-109.267 45.122 -0.389
-120.666 47.255 -0.621
-116.133 42.834 -0.303
-117.874 45.021 -0.033
-118.144 44.683 0.191
-119.413 44.466 0.144
-118.836 44.397 0.058
-121.265 46.626 -0.320
-121.048 47.247 -0.402
-121.108 46.980 -0.217
-108.570 54.220 -0.355
-114.050 55.080 0.073
-115.950 44.921 -0.156
-116.140 44.932 -0.134
-116.399 44.991 -0.158
-116.664 45.045 0.140
-116.836 45.128 0.081
-117.359 45.427 0.054
-117.807 45.504 0.165
-117.681 45.640 0.075
-117.548 45.805 -0.106
-117.464 45.953 0.023
-117.379 46.122 -0.087
-117.499 46.269 -0.302
-117.548 46.375 -0.386
-117.644 46.512 -0.200
-117.719 46.620 -0.174
-117.192 45.009 -0.013
-117.506 44.845 0.022
-117.924 44.538 -0.032
