-109.73570 35.11810 0.60978
-111.37390 35.51690 0.82656
-110.52383 39.11083 0.75483
-114.14152 34.30336 1.10545
-114.61881 34.76759 1.65804
-115.38115 34.63745 0.56920
-115.65994 34.78457 1.18655
-115.92389 35.43584 1.72801
-116.80574 35.30177 1.06432
-116.27530 35.89953 1.17421
-117.28332 35.89095 1.47142
-116.86322 36.46703 0.89962
-116.24950 36.94880 0.98534
-117.48901 36.05799 0.96385
-118.08050 36.43905 0.58588
-117.36621 36.99608 1.03261
-112.81330 40.19500 1.34855
-115.58540 38.34890 0.70898
-118.23009 37.05422 1.11281
-118.83605 37.63019 1.08464
-118.15540 38.43280 0.80133
-120.38651 38.03455 0.99269
-122.30460 42.21800 0.76410
-118.63670 42.43390 0.38150
-121.75350 42.62460 0.46650
-122.10930 43.24050 0.89699
-121.23470 43.28480 0.40891
-121.35535 43.67274 1.15108
-122.41130 43.79410 0.81948
-121.14862 43.75097 0.61620
-121.23319 43.72201 0.82211
-121.25268 43.73896 0.71180
-120.94066 43.79211 0.39222
-121.81746 44.05966 0.53245
-121.96264 44.20975 0.33731
-115.82780 43.41510 0.43925
-121.33950 44.33860 0.35282
-121.31670 45.24220 0.41958
-121.65093 45.32226 0.32504
-122.21677 46.17835 0.66431
-122.18925 46.21422 0.41281
-117.30600 44.85250 0.74437
-121.81533 46.89972 0.61288
-116.00025 45.08757 0.16672
-119.53270 46.39250 0.31748
-120.66636 47.25451 0.10615
-118.27410 47.80060 0.06646
-119.62540 49.32240 0.07781
-113.94060 46.82920 0.06658
-114.28250 47.74667 0.12203
-113.91120 49.05950 0.14992
-109.75470 48.02400 1.21983
-106.22310 46.68850 1.68665
-99.60290 47.84810 1.31714
-98.95560 44.44290 1.33237
-98.15020 41.40830 0.69407
-102.03300 40.94510 0.68293
-105.45770 41.30160 0.69498
-99.73740 38.81400 0.76113
-102.62730 39.01120 0.61744
-105.94400 40.89470 0.47453
-105.61340 39.79970 0.36767
-105.14920 38.96410 0.56822
-104.41080 37.13880 0.59612
-105.50120 37.74560 0.77872
-106.97390 39.17760 0.59556
-106.82930 37.74610 0.69524
-108.24160 40.13480 0.65294
-106.96520 33.93700 0.59099
-106.92100 34.07390 0.57238
-108.49251 37.19956 0.48722
